625 1548
2471 5436
1646 3493
2877 9619
2246 6064
3382 9131
2134 4165
2667 5205
3905 7399
2134 4044
1331 2521
872 1952
1.72 1.45 1.54 1.99 1.9
2.45 2.3 1.55 1.4 1 0.95 0.9 0.85 0.8 0.75 0.7 0.65 0.6 0.55 0.5
1.93 1.90 1.87 1.66 1.64 1.64 1.64 1.64
1.79 1.77 1.76 1.08 1.06 1.06 1.06 1.06
1.77 1.68 1.61 1.06 1.05 1.05 1.01 1.01
1.62 1.61 1.59 1.04 1.04 1.01 0.96 0.95
1.61 1.59 1.58 0.99 0.96 0.95 0.95 0.94
1.59 1.58 1.57 0.95 0.95 0.94 0.94 0.94
1.55 1.54 1.53 0.92 0.91 0.91 0.91 0.90
0.6 1 1.1 1.2 1.4 1.6